-- -*- M2-comint -*- hash: -1687206154

i1 : O = randomOrthogonal 4

o1 = | .277276   -.291644 .290194     -.868245 |
     | .939685   .270779  -.000487755 .208973  |
     | -.0964589 .153934  .954496     .236511  |
     | .175514   -.904393 .0687354    .38281   |

                4          4
o1 : Matrix RR    <--- RR
              53         53

i2 : A = hadamard(O, O)

o2 = | .076882   .085056  .0842128   .753849  |
     | .883009   .0733215 2.37905e-7 .0436696 |
     | .00930432 .0236956 .911062    .0559377 |
     | .0308051  .817927  .00472455  .146543  |

                4          4
o2 : Matrix RR    <--- RR
              53         53

i3 : orthogonalFromOrthostochastic A

o3 = {| .277276  .291644  .290194     .868245  |}
      | .939685  -.270779 -.000487755 -.208973 |
      | .0964589 .153934  -.954496    .236511  |
      | .175514  .904393  .0687354    -.38281  |

o3 : List

i4 : 
